0,0,0,0[INCONCLUSIVE]
0,0,0,1[LOSE]
0,0,0,2 -> [(0,0,0,1)] [WIN]
0,0,0,3 -> [(0,0,0,1)] [WIN]
0,0,0,4 -> [(0,0,0,1)] [WIN]
0,0,0,5 -> [(0,0,0,1)] [WIN]
0,0,0,6 -> [(0,0,0,1)] [WIN]
0,0,0,7 -> [(0,0,0,1)] [WIN]
0,0,1,0[LOSE]
0,0,1,1 -> [(0,0,0,1)] [WIN]
0,0,1,2 -> [(0,0,1,0)] [WIN]
0,0,1,3 -> [(0,0,1,0)] [WIN]
0,0,1,4 -> [(0,0,1,0)] [WIN]
0,0,1,5 -> [(0,0,1,0)] [WIN]
0,0,1,6 -> [(0,0,1,0)] [WIN]
0,0,1,7 -> [(0,0,1,0)] [WIN]
0,0,2,0 -> [(0,0,1,0)] [WIN]
0,0,2,1 -> [(0,0,0,1)] [WIN]
0,0,2,2[LOSE]
0,0,2,3 -> [(0,0,2,2)] [WIN]
0,0,2,4 -> [(0,0,2,2)] [WIN]
0,0,2,5 -> [(0,0,2,2)] [WIN]
0,0,2,6 -> [(0,0,2,2)] [WIN]
0,0,2,7 -> [(0,0,2,7)] [WIN]
0,0,3,0 -> [(0,0,1,0)] [WIN]
0,0,3,1 -> [(0,0,0,1)] [WIN]
0,0,3,2 -> [(0,0,2,2)] [WIN]
0,0,3,3[LOSE]
0,0,3,4 -> [(0,0,3,3)] [WIN]
0,0,3,5 -> [(0,0,3,3)] [WIN]
0,0,3,6 -> [(0,0,3,3)] [WIN]
0,0,3,7 -> [(0,0,3,3)] [WIN]
0,0,4,0 -> [(0,0,1,0)] [WIN]
0,0,4,1 -> [(0,0,0,1)] [WIN]
0,0,4,2 -> [(0,0,2,2)] [WIN]
0,0,4,3 -> [(0,0,3,3)] [WIN]
0,0,4,4[LOSE]
0,0,4,5 -> [(0,0,4,4)] [WIN]
0,0,4,6 -> [(0,0,4,4)] [WIN]
0,0,4,7 -> [(0,0,4,4)] [WIN]
0,0,5,0 -> [(0,0,1,0)] [WIN]
0,0,5,1 -> [(0,0,0,1)] [WIN]
0,0,5,2 -> [(0,0,2,2)] [WIN]
0,0,5,3 -> [(0,0,3,3)] [WIN]
0,0,5,4 -> [(0,0,4,4)] [WIN]
0,0,5,5[LOSE]
0,0,5,6 -> [(0,0,5,5)] [WIN]
0,0,5,7 -> [(0,0,5,5)] [WIN]
0,1,0,0[LOSE]
0,1,0,1 -> [(0,0,0,1)] [WIN]
0,1,0,2 -> [(0,1,0,0)] [WIN]
0,1,0,3 -> [(0,1,0,0)] [WIN]
0,1,0,4 -> [(0,1,0,0)] [WIN]
0,1,0,5 -> [(0,1,0,0)] [WIN]
0,1,0,6 -> [(0,1,0,0)] [WIN]
0,1,0,7 -> [(0,1,0,0)] [WIN]
0,1,1,0 -> [(0,0,1,0)] [WIN]
0,1,1,1[LOSE]
0,1,1,2 -> [(0,1,1,1)] [WIN]
0,1,1,3 -> [(0,1,1,1)] [WIN]
0,1,1,4 -> [(0,1,1,1)] [WIN]
0,1,1,5 -> [(0,1,1,1)] [WIN]
0,1,1,6 -> [(0,1,1,1)] [WIN]
0,1,1,7 -> [(0,1,1,1)] [WIN]
0,1,2,0 -> [(0,1,0,0)] [WIN]
0,1,2,1 -> [(0,1,1,1)] [WIN]
0,1,2,2 -> [(0,0,2,2)] [WIN]
0,1,2,3[LOSE]
0,1,2,4 -> [(0,1,2,3)] [WIN]
0,1,2,5 -> [(0,1,2,3)] [WIN]
0,1,2,6 -> [(0,1,2,3)] [WIN]
0,1,2,7 -> [(0,1,2,3)] [WIN]
0,1,3,0 -> [(0,1,0,0)] [WIN]
0,1,3,1 -> [(0,1,1,1)] [WIN]
0,1,3,2[LOSE]
0,1,3,3 -> [(0,1,2,3)(0,0,3,3)] [WIN]
0,1,3,4 -> [(0,1,3,2)] [WIN]
0,1,3,5 -> [(0,1,3,2)] [WIN]
0,1,3,6 -> [(0,1,3,2)] [WIN]
0,1,3,7 -> [(0,1,3,7)] [WIN]
0,1,4,0 -> [(0,1,0,0)] [WIN]
0,1,4,1 -> [(0,1,1,1)] [WIN]
0,1,4,2 -> [(0,1,3,2)] [WIN]
0,1,4,3 -> [(0,1,2,3)] [WIN]
0,1,4,4 -> [(0,0,4,4)] [WIN]
0,1,4,5[LOSE]
0,1,4,6 -> [(0,1,4,5)] [WIN]
0,1,4,7 -> [(0,1,4,5)] [WIN]
0,1,5,0 -> [(0,1,0,0)] [WIN]
0,1,5,1 -> [(0,1,1,1)] [WIN]
0,1,5,2 -> [(0,1,3,2)] [WIN]
0,1,5,3 -> [(0,1,2,3)] [WIN]
0,1,5,4[LOSE]
0,1,5,5 -> [(0,1,4,5)(0,0,5,5)] [WIN]
0,1,5,6 -> [(0,1,5,4)] [WIN]
0,1,5,7 -> [(0,1,5,4)] [WIN]
0,2,0,0 -> [(0,1,0,0)] [WIN]
0,2,0,1 -> [(0,0,0,1)] [WIN]
0,2,0,2[LOSE]
0,2,0,3 -> [(0,2,0,2)] [WIN]
0,2,0,4 -> [(0,2,0,2)] [WIN]
0,2,0,5 -> [(0,2,0,2)] [WIN]
0,2,0,6 -> [(0,2,0,2)] [WIN]
0,2,0,7 -> [(0,2,0,7)] [WIN]
0,2,1,0 -> [(0,0,1,0)] [WIN]
0,2,1,1 -> [(0,1,1,1)] [WIN]
0,2,1,2 -> [(0,2,0,2)] [WIN]
0,2,1,3[LOSE]
0,2,1,4 -> [(0,2,1,3)] [WIN]
0,2,1,5 -> [(0,2,1,3)] [WIN]
0,2,1,6 -> [(0,2,1,3)] [WIN]
0,2,1,7 -> [(0,2,1,3)] [WIN]
0,2,2,0[LOSE]
0,2,2,1 -> [(0,2,2,0)] [WIN]
0,2,2,2 -> [(0,0,2,2)] [WIN]
0,2,2,3 -> [(0,1,2,3)(0,2,2,0)] [WIN]
0,2,2,4 -> [(0,2,2,0)] [WIN]
0,2,2,5 -> [(0,2,2,0)] [WIN]
0,2,2,6 -> [(0,2,2,0)] [WIN]
0,2,2,7 -> [(0,2,2,0)] [WIN]
0,2,3,0 -> [(0,2,2,0)] [WIN]
0,2,3,1[LOSE]
0,2,3,2 -> [(0,1,3,2)(0,2,0,2)] [WIN]
0,2,3,3 -> [(0,2,1,3)(0,0,3,3)] [WIN]
0,2,3,4 -> [(0,2,3,1)] [WIN]
0,2,3,5 -> [(0,2,3,1)] [WIN]
0,2,3,6 -> [(0,2,3,1)] [WIN]
0,2,3,7 -> [(0,2,3,1)] [WIN]
0,2,4,0 -> [(0,2,2,0)] [WIN]
0,2,4,1 -> [(0,2,3,1)] [WIN]
0,2,4,2 -> [(0,2,0,2)] [WIN]
0,2,4,3 -> [(0,2,1,3)] [WIN]
0,2,4,4 -> [(0,0,4,4)] [WIN]
0,2,4,5 -> [(0,1,4,5)] [WIN]
0,2,4,6[LOSE]
0,2,4,7 -> [(0,2,4,6)] [WIN]
0,2,5,0 -> [(0,2,2,0)] [WIN]
0,2,5,1 -> [(0,2,3,1)] [WIN]
0,2,5,2 -> [(0,2,0,2)] [WIN]
0,2,5,3 -> [(0,2,1,3)] [WIN]
0,2,5,4 -> [(0,1,5,4)] [WIN]
0,2,5,5 -> [(0,0,5,5)] [WIN]
0,2,5,6 -> [(0,2,4,6)] [WIN]
0,2,5,7[LOSE]
0,3,0,0 -> [(0,1,0,0)] [WIN]
0,3,0,1 -> [(0,0,0,1)] [WIN]
0,3,0,2 -> [(0,2,0,2)] [WIN]
0,3,0,3[LOSE]
0,3,0,4 -> [(0,3,0,3)] [WIN]
0,3,0,5 -> [(0,3,0,3)] [WIN]
0,3,0,6 -> [(0,3,0,3)] [WIN]
0,3,0,7 -> [(0,3,0,3)] [WIN]
0,3,1,0 -> [(0,0,1,0)] [WIN]
0,3,1,1 -> [(0,1,1,1)] [WIN]
0,3,1,2[LOSE]
0,3,1,3 -> [(0,2,1,3)(0,3,0,3)] [WIN]
0,3,1,4 -> [(0,3,1,2)] [WIN]
0,3,1,5 -> [(0,3,1,2)] [WIN]
0,3,1,6 -> [(0,3,1,2)] [WIN]
0,3,1,7 -> [(0,3,1,7)] [WIN]
0,3,2,0 -> [(0,2,2,0)] [WIN]
0,3,2,1[LOSE]
0,3,2,2 -> [(0,3,1,2)(0,0,2,2)] [WIN]
0,3,2,3 -> [(0,1,2,3)(0,3,0,3)] [WIN]
0,3,2,4 -> [(0,3,2,1)] [WIN]
0,3,2,5 -> [(0,3,2,1)] [WIN]
0,3,2,6 -> [(0,3,2,1)] [WIN]
0,3,2,7 -> [(0,3,2,1)] [WIN]
0,3,3,0[LOSE]
0,3,3,1 -> [(0,2,3,1)(0,3,3,0)] [WIN]
0,3,3,2 -> [(0,1,3,2)(0,3,3,0)] [WIN]
0,3,3,3 -> [(0,0,3,3)] [WIN]
0,3,3,4 -> [(0,3,3,0)] [WIN]
0,3,3,5 -> [(0,3,3,0)] [WIN]
0,3,3,6 -> [(0,3,3,0)] [WIN]
0,3,3,7 -> [(0,3,3,0)] [WIN]
0,3,4,0 -> [(0,3,3,0)] [WIN]
0,3,4,1 -> [(0,3,2,1)] [WIN]
0,3,4,2 -> [(0,3,1,2)] [WIN]
0,3,4,3 -> [(0,3,0,3)] [WIN]
0,3,4,4 -> [(0,0,4,4)] [WIN]
0,3,4,5 -> [(0,1,4,5)] [WIN]
0,3,4,6 -> [(0,2,4,6)] [WIN]
0,3,4,7[LOSE]
0,3,5,0 -> [(0,3,3,0)] [WIN]
0,3,5,1 -> [(0,3,2,1)] [WIN]
0,3,5,2 -> [(0,3,1,2)] [WIN]
0,3,5,3 -> [(0,3,0,3)] [WIN]
0,3,5,4 -> [(0,1,5,4)] [WIN]
0,3,5,5 -> [(0,0,5,5)] [WIN]
0,3,5,6[LOSE]
0,3,5,7 -> [(0,3,5,6)(0,3,4,7)(0,2,5,7)] [WIN]
1,0,0,0[LOSE]
1,0,0,1 -> [(0,0,0,1)] [WIN]
1,0,0,2 -> [(1,0,0,0)] [WIN]
1,0,0,3 -> [(1,0,0,0)] [WIN]
1,0,0,4 -> [(1,0,0,0)] [WIN]
1,0,0,5 -> [(1,0,0,0)] [WIN]
1,0,0,6 -> [(1,0,0,0)] [WIN]
1,0,0,7 -> [(1,0,0,0)] [WIN]
1,0,1,0 -> [(0,0,1,0)] [WIN]
1,0,1,1[LOSE]
1,0,1,2 -> [(1,0,1,1)] [WIN]
1,0,1,3 -> [(1,0,1,1)] [WIN]
1,0,1,4 -> [(1,0,1,1)] [WIN]
1,0,1,5 -> [(1,0,1,1)] [WIN]
1,0,1,6 -> [(1,0,1,1)] [WIN]
1,0,1,7 -> [(1,0,1,1)] [WIN]
1,0,2,0 -> [(1,0,0,0)] [WIN]
1,0,2,1 -> [(1,0,1,1)] [WIN]
1,0,2,2 -> [(0,0,2,2)] [WIN]
1,0,2,3[LOSE]
1,0,2,4 -> [(1,0,2,3)] [WIN]
1,0,2,5 -> [(1,0,2,3)] [WIN]
1,0,2,6 -> [(1,0,2,3)] [WIN]
1,0,2,7 -> [(1,0,2,3)] [WIN]
1,0,3,0 -> [(1,0,0,0)] [WIN]
1,0,3,1 -> [(1,0,1,1)] [WIN]
1,0,3,2[LOSE]
1,0,3,3 -> [(1,0,2,3)(0,0,3,3)] [WIN]
1,0,3,4 -> [(1,0,3,2)] [WIN]
1,0,3,5 -> [(1,0,3,2)] [WIN]
1,0,3,6 -> [(1,0,3,2)] [WIN]
1,0,3,7 -> [(1,0,3,7)] [WIN]
1,0,4,0 -> [(1,0,0,0)] [WIN]
1,0,4,1 -> [(1,0,1,1)] [WIN]
1,0,4,2 -> [(1,0,3,2)] [WIN]
1,0,4,3 -> [(1,0,2,3)] [WIN]
1,0,4,4 -> [(0,0,4,4)] [WIN]
1,0,4,5[LOSE]
1,0,4,6 -> [(1,0,4,5)] [WIN]
1,0,4,7 -> [(1,0,4,5)] [WIN]
1,0,5,0 -> [(1,0,0,0)] [WIN]
1,0,5,1 -> [(1,0,1,1)] [WIN]
1,0,5,2 -> [(1,0,3,2)] [WIN]
1,0,5,3 -> [(1,0,2,3)] [WIN]
1,0,5,4[LOSE]
1,0,5,5 -> [(1,0,4,5)(0,0,5,5)] [WIN]
1,0,5,6 -> [(1,0,5,4)] [WIN]
1,0,5,7 -> [(1,0,5,4)] [WIN]
1,1,0,0 -> [(0,1,0,0)] [WIN]
1,1,0,1[LOSE]
1,1,0,2 -> [(1,1,0,1)] [WIN]
1,1,0,3 -> [(1,1,0,1)] [WIN]
1,1,0,4 -> [(1,1,0,1)] [WIN]
1,1,0,5 -> [(1,1,0,1)] [WIN]
1,1,0,6 -> [(1,1,0,1)] [WIN]
1,1,0,7 -> [(1,1,0,1)] [WIN]
1,1,1,0[LOSE]
1,1,1,1 -> [(0,1,1,1)] [WIN]
1,1,1,2 -> [(1,1,1,0)] [WIN]
1,1,1,3 -> [(1,1,1,0)] [WIN]
1,1,1,4 -> [(1,1,1,0)] [WIN]
1,1,1,5 -> [(1,1,1,0)] [WIN]
1,1,1,6 -> [(1,1,1,0)] [WIN]
1,1,1,7 -> [(1,1,1,0)] [WIN]
1,1,2,0 -> [(1,1,1,0)] [WIN]
1,1,2,1 -> [(1,1,0,1)] [WIN]
1,1,2,2[LOSE]
1,1,2,3 -> [(1,1,2,2)(0,1,2,3)] [WIN]
1,1,2,4 -> [(1,1,2,2)] [WIN]
1,1,2,5 -> [(1,1,2,2)] [WIN]
1,1,2,6 -> [(1,1,2,2)] [WIN]
1,1,2,7 -> [(1,1,2,7)] [WIN]
1,1,3,0 -> [(1,1,1,0)] [WIN]
1,1,3,1 -> [(1,1,0,1)] [WIN]
1,1,3,2 -> [(1,1,2,2)(0,1,3,2)] [WIN]
1,1,3,3[LOSE]
1,1,3,4 -> [(1,1,3,3)] [WIN]
1,1,3,5 -> [(1,1,3,3)] [WIN]
1,1,3,6 -> [(1,1,3,3)] [WIN]
1,1,3,7 -> [(1,1,3,3)] [WIN]
1,1,4,0 -> [(1,1,1,0)] [WIN]
1,1,4,1 -> [(1,1,0,1)] [WIN]
1,1,4,2 -> [(1,1,2,2)] [WIN]
1,1,4,3 -> [(1,1,3,3)] [WIN]
1,1,4,4[LOSE]
1,1,4,5 -> [(1,1,4,4)(0,1,4,5)] [WIN]
1,1,4,6 -> [(1,1,4,4)] [WIN]
1,1,4,7 -> [(1,1,4,4)] [WIN]
1,1,5,0 -> [(1,1,1,0)] [WIN]
1,1,5,1 -> [(1,1,0,1)] [WIN]
1,1,5,2 -> [(1,1,2,2)] [WIN]
1,1,5,3 -> [(1,1,3,3)] [WIN]
1,1,5,4 -> [(1,1,4,4)(0,1,5,4)] [WIN]
1,1,5,5[LOSE]
1,1,5,6 -> [(1,1,5,5)] [WIN]
1,1,5,7 -> [(1,1,5,5)] [WIN]
1,2,0,0 -> [(1,0,0,0)] [WIN]
1,2,0,1 -> [(1,1,0,1)] [WIN]
1,2,0,2 -> [(0,2,0,2)] [WIN]
1,2,0,3[LOSE]
1,2,0,4 -> [(1,2,0,3)] [WIN]
1,2,0,5 -> [(1,2,0,3)] [WIN]
1,2,0,6 -> [(1,2,0,3)] [WIN]
1,2,0,7 -> [(1,2,0,3)] [WIN]
1,2,1,0 -> [(1,1,1,0)] [WIN]
1,2,1,1 -> [(1,0,1,1)] [WIN]
1,2,1,2[LOSE]
1,2,1,3 -> [(1,2,1,2)(0,2,1,3)] [WIN]
1,2,1,4 -> [(1,2,1,2)] [WIN]
1,2,1,5 -> [(1,2,1,2)] [WIN]
1,2,1,6 -> [(1,2,1,2)] [WIN]
1,2,1,7 -> [(1,2,1,7)] [WIN]
1,2,2,0 -> [(0,2,2,0)] [WIN]
1,2,2,1[LOSE]
1,2,2,2 -> [(1,1,2,2)] [WIN]
1,2,2,3 -> [(1,2,2,1)(1,0,2,3)] [WIN]
1,2,2,4 -> [(1,2,2,1)] [WIN]
1,2,2,5 -> [(1,2,2,1)] [WIN]
1,2,2,6 -> [(1,2,2,1)] [WIN]
1,2,2,7 -> [(1,2,2,1)] [WIN]
1,2,3,0[LOSE]
1,2,3,1 -> [(1,2,2,1)(0,2,3,1)] [WIN]
1,2,3,2 -> [(1,2,1,2)(1,0,3,2)] [WIN]
1,2,3,3 -> [(1,1,3,3)(1,2,0,3)] [WIN]
1,2,3,4 -> [(1,2,3,0)] [WIN]
1,2,3,5 -> [(1,2,3,0)] [WIN]
1,2,3,6 -> [(1,2,3,0)] [WIN]
1,2,3,7 -> [(1,2,3,0)] [WIN]
1,2,4,0 -> [(1,2,3,0)] [WIN]
1,2,4,1 -> [(1,2,2,1)] [WIN]
1,2,4,2 -> [(1,2,1,2)] [WIN]
1,2,4,3 -> [(1,2,0,3)] [WIN]
1,2,4,4 -> [(1,1,4,4)] [WIN]
1,2,4,5 -> [(1,0,4,5)] [WIN]
1,2,4,6 -> [(0,2,4,6)] [WIN]
1,2,4,7[LOSE]
1,2,5,0 -> [(1,2,3,0)] [WIN]
1,2,5,1 -> [(1,2,2,1)] [WIN]
1,2,5,2 -> [(1,2,1,2)] [WIN]
1,2,5,3 -> [(1,2,0,3)] [WIN]
1,2,5,4 -> [(1,0,5,4)] [WIN]
1,2,5,5 -> [(1,1,5,5)] [WIN]
1,2,5,6[LOSE]
1,2,5,7 -> [(1,2,5,6)(1,2,4,7)(0,2,5,7)] [WIN]
1,3,0,0 -> [(1,0,0,0)] [WIN]
1,3,0,1 -> [(1,1,0,1)] [WIN]
1,3,0,2[LOSE]
1,3,0,3 -> [(1,2,0,3)(0,3,0,3)] [WIN]
1,3,0,4 -> [(1,3,0,2)] [WIN]
1,3,0,5 -> [(1,3,0,2)] [WIN]
1,3,0,6 -> [(1,3,0,2)] [WIN]
1,3,0,7 -> [(1,3,0,7)] [WIN]
1,3,1,0 -> [(1,1,1,0)] [WIN]
1,3,1,1 -> [(1,0,1,1)] [WIN]
1,3,1,2 -> [(1,2,1,2)(0,3,1,2)] [WIN]
1,3,1,3[LOSE]
1,3,1,4 -> [(1,3,1,3)] [WIN]
1,3,1,5 -> [(1,3,1,3)] [WIN]
1,3,1,6 -> [(1,3,1,3)] [WIN]
1,3,1,7 -> [(1,3,1,3)] [WIN]
1,3,2,0[LOSE]
1,3,2,1 -> [(1,2,2,1)(0,3,2,1)] [WIN]
1,3,2,2 -> [(1,1,2,2)(1,3,0,2)] [WIN]
1,3,2,3 -> [(1,3,1,3)(1,0,2,3)] [WIN]
1,3,2,4 -> [(1,3,2,0)] [WIN]
1,3,2,5 -> [(1,3,2,0)] [WIN]
1,3,2,6 -> [(1,3,2,0)] [WIN]
1,3,2,7 -> [(1,3,2,0)] [WIN]
1,3,3,0 -> [(1,2,3,0)(0,3,3,0)] [WIN]
1,3,3,1[LOSE]
1,3,3,2 -> [(1,3,3,1)(1,0,3,2)] [WIN]
1,3,3,3 -> [(1,1,3,3)] [WIN]
1,3,3,4 -> [(1,3,3,1)] [WIN]
1,3,3,5 -> [(1,3,3,1)] [WIN]
1,3,3,6 -> [(1,3,3,1)] [WIN]
1,3,3,7 -> [(1,3,3,1)] [WIN]
1,3,4,0 -> [(1,3,2,0)] [WIN]
1,3,4,1 -> [(1,3,3,1)] [WIN]
1,3,4,2 -> [(1,3,0,2)] [WIN]
1,3,4,3 -> [(1,3,1,3)] [WIN]
1,3,4,4 -> [(1,1,4,4)] [WIN]
1,3,4,5 -> [(1,0,4,5)] [WIN]
1,3,4,6[LOSE]
1,3,4,7 -> [(1,3,4,6)(1,2,4,7)(0,3,4,7)] [WIN]
1,3,5,0 -> [(1,3,2,0)] [WIN]
1,3,5,1 -> [(1,3,3,1)] [WIN]
1,3,5,2 -> [(1,3,0,2)] [WIN]
1,3,5,3 -> [(1,3,1,3)] [WIN]
1,3,5,4 -> [(1,0,5,4)] [WIN]
1,3,5,5 -> [(1,1,5,5)] [WIN]
1,3,5,6 -> [(1,3,4,6)(1,2,5,6)(0,3,5,6)] [WIN]
1,3,5,7[LOSE]
